SrgtSajjad
8323
290
10
20
6
6
0
3
2
0000000000
0000000000
0010000000
0111000000
0000000000
0000000000
0000000000
0000000000
0000000000
0000000000
0000002200
0022002200
2022222220
2222222022
2222202222
2222222022
2222222220
0222222222
2220220222
2222202222
2222222222
7777777777
7777777777
7777777777
7777777777
7777777777
7777777777
7777777777
7777777777
7777777777
7777777777
7777775577
7722772577
6702222537
6601123333
6201143333
2234444153
2233111155
0322300006
0331332266
4112665226
0100
1110
0000
0000
