MohammadHossain 62012 520 10 20 10
Artin 9653 141 20 10 7
SrgtSajjad 8497 294 10 20 6
amin 7020 151 10 20 5
Amin 27229 305 10 20 8
Amin 5000 300 20 10 2
Amin 5000 300 20 10 3
Amin 5000 300 20 10 4
Amin 5000 300 20 10 5
Amin 5000 300 20 10 6
Amin 5000 300 20 10 7
Amin 5000 300 20 10 8
Amin 5000 300 20 10 9
Amin 5000 300 20 10 10
AmirAli 3033 76 10 20 3
kouroshJan 2721 113 10 15 3
aa 2501 116 20 10 4
Armin 1555 50 20 10 5
aaa 1105 53 20 10 5
Mehrdad 636 11 10 20 6
ali 331 83 12 20 1
Ehsan 270 7 20 10 3